0	[301, 719]
1	[298, 717]
2	[300, 714]
3	[303, 715]
4	[327, 673]
5	[330, 669]
6	[331, 675]
7	[334, 671]
8	[278, 640]
9	[280, 636]
10	[284, 645]
11	[287, 640]
12	[213, 654]
13	[210, 652]
14	[208, 656]
15	[211, 658]
16	[183, 639]
17	[186, 636]
18	[182, 633]
19	[180, 637]
20	[211, 596]
21	[213, 592]
22	[209, 589]
23	[207, 593]
24	[239, 614]
25	[242, 610]
26	[238, 608]
27	[236, 612]
28	[260, 582]
29	[262, 578]
30	[259, 575]
31	[256, 579]
32	[230, 562]
33	[233, 558]
34	[229, 555]
35	[227, 559]
36	[204, 544]
37	[206, 540]
38	[203, 538]
39	[201, 541]
40	[217, 512]
41	[219, 508]
42	[215, 506]
43	[214, 510]
44	[184, 495]
45	[186, 492]
46	[183, 489]
47	[182, 492]
48	[239, 458]
49	[241, 450]
50	[237, 450]
51	[235, 456]
52	[202, 450]
53	[205, 443]
54	[200, 442]
55	[198, 449]
56	[214, 416]
57	[216, 412]
58	[212, 411]
59	[210, 415]
60	[250, 424]
61	[251, 420]
62	[247, 419]
63	[246, 423]
64	[277, 466]
65	[279, 460]
66	[275, 458]
67	[272, 464]
68	[288, 432]
69	[289, 428]
70	[285, 427]
71	[284, 431]
72	[316, 491]
73	[320, 485]
74	[316, 483]
75	[313, 489]
76	[325, 497]
77	[329, 491]
78	[325, 489]
79	[322, 494]
80	[362, 520]
81	[366, 515]
82	[361, 511]
83	[357, 517]
84	[386, 536]
85	[389, 530]
86	[398, 544]
87	[402, 538]
88	[405, 548]
89	[411, 544]
90	[408, 541]
91	[401, 545]
92	[476, 516]
93	[483, 514]
94	[481, 510]
95	[471, 512]
96	[433, 487]
97	[437, 482]
98	[420, 480]
99	[425, 474]
100	[397, 464]
101	[401, 458]
102	[394, 455]
103	[391, 460]
104	[404, 453]
105	[406, 449]
106	[400, 446]
107	[398, 449]
108	[367, 430]
109	[369, 427]
110	[365, 424]
111	[362, 428]
112	[297, 404]
113	[299, 400]
114	[295, 398]
115	[293, 404]
116	[316, 341]
117	[312, 340]
118	[389, 399]
119	[387, 397]
120	[400, 389]
121	[397, 386]
122	[347, 338]
123	[344, 335]
124	[324, 317]
125	[320, 316]
126	[352, 268]
127	[356, 265]
128	[352, 261]
129	[349, 265]
130	[382, 297]
131	[385, 293]
132	[382, 291]
133	[379, 294]
134	[438, 351]
135	[441, 349]
136	[438, 345]
137	[435, 348]
138	[424, 418]
139	[418, 414]
140	[431, 405]
141	[424, 402]
142	[456, 437]
143	[448, 433]
144	[462, 424]
145	[455, 420]
146	[529, 484]
147	[525, 481]
148	[534, 469]
149	[529, 466]
150	[500, 352]
151	[493, 346]
152	[508, 336]
153	[501, 330]
154	[482, 311]
155	[477, 306]
156	[411, 267]
157	[412, 266]
158	[409, 262]
159	[407, 264]
160	[423, 255]
161	[425, 253]
162	[421, 250]
163	[420, 251]
164	[381, 238]
165	[383, 236]
166	[380, 233]
167	[378, 236]
168	[394, 225]
169	[396, 223]
170	[392, 221]
171	[390, 223]
172	[422, 195]
173	[426, 192]
174	[422, 188]
175	[419, 191]
176	[455, 227]
177	[458, 225]
178	[454, 221]
179	[452, 225]
180	[509, 282]
181	[512, 279]
182	[507, 273]
183	[503, 276]
184	[526, 300]
185	[529, 296]
186	[523, 290]
187	[520, 294]
188	[559, 237]
189	[557, 228]
190	[554, 229]
191	[550, 231]
192	[551, 236]
193	[552, 238]
194	[558, 333]
195	[559, 340]
196	[564, 340]
197	[567, 335]
198	[563, 332]
199	[558, 328]
200	[577, 317]
201	[561, 337]
202	[431, 185]
203	[433, 183]
204	[429, 180]
205	[428, 182]
206	[441, 175]
207	[443, 172]
208	[439, 169]
209	[437, 172]
210	[485, 129]
211	[487, 127]
212	[484, 124]
213	[481, 126]
214	[524, 94]
215	[526, 91]
216	[523, 88]
217	[520, 91]
218	[540, 79]
219	[542, 77]
220	[540, 74]
221	[537, 76]
222	[562, 52]
223	[565, 56]
224	[570, 53]
225	[567, 48]
226	[579, 37]
227	[582, 42]
228	[587, 39]
229	[584, 35]
230	[607, 76]
231	[611, 73]
232	[609, 71]
233	[605, 74]
234	[613, 87]
235	[614, 88]
236	[617, 92]
237	[618, 93]
238	[619, 84]
239	[619, 85]
240	[622, 89]
241	[623, 90]
242	[640, 113]
243	[634, 118]
244	[636, 130]
245	[625, 146]
246	[627, 143]
247	[632, 151]
248	[634, 147]
249	[618, 162]
250	[619, 159]
251	[625, 165]
252	[626, 162]
253	[613, 168]
254	[615, 166]
255	[620, 173]
256	[622, 171]
257	[602, 179]
258	[604, 177]
259	[608, 185]
260	[611, 183]
261	[594, 189]
262	[596, 187]
263	[601, 194]
264	[603, 192]
265	[582, 201]
266	[589, 207]
267	[579, 204]
268	[585, 210]
269	[582, 213]
270	[580, 215]
271	[576, 207]
272	[574, 210]
273	[586, 308]
274	[589, 313]
275	[592, 310]
276	[589, 306]
277	[604, 296]
278	[607, 299]
279	[629, 277]
280	[633, 281]
281	[644, 274]
282	[641, 269]
283	[676, 213]
284	[680, 211]
285	[661, 185]
286	[666, 182]
287	[663, 178]
288	[659, 180]
289	[636, 144]
290	[641, 144]
291	[638, 139]
292	[641, 135]
293	[473, 324]
294	[466, 323]
295	[468, 320]
296	[465, 317]
297	[464, 319]
298	[470, 315]
299	[560, 224]
