0	[301, 719]
1	[298, 717]
2	[300, 714]
3	[303, 715]
4	[327, 673]
5	[330, 669]
6	[331, 675]
7	[334, 671]
8	[278, 640]
9	[280, 636]
10	[284, 645]
11	[287, 640]
12	[213, 654]
13	[210, 652]
14	[208, 656]
15	[211, 658]
16	[183, 639]
17	[186, 636]
18	[182, 633]
19	[180, 637]
20	[211, 596]
21	[213, 592]
22	[209, 589]
23	[207, 593]
24	[239, 614]
25	[242, 610]
26	[238, 608]
27	[236, 612]
28	[260, 582]
29	[262, 578]
30	[259, 575]
31	[256, 579]
32	[230, 562]
33	[233, 558]
34	[229, 555]
35	[227, 559]
36	[204, 544]
37	[206, 540]
38	[203, 538]
39	[201, 541]
40	[217, 512]
41	[219, 508]
42	[215, 506]
43	[214, 510]
44	[184, 495]
45	[186, 492]
46	[183, 489]
47	[182, 492]
48	[239, 458]
49	[241, 450]
50	[237, 450]
51	[235, 456]
52	[202, 450]
53	[205, 443]
54	[200, 442]
55	[198, 449]
56	[214, 416]
57	[216, 412]
58	[212, 411]
59	[210, 415]
60	[250, 424]
61	[251, 420]
62	[247, 419]
63	[246, 423]
64	[277, 466]
65	[279, 460]
66	[275, 458]
67	[272, 464]
68	[288, 432]
69	[289, 428]
70	[285, 427]
71	[284, 431]
72	[316, 491]
73	[320, 485]
74	[316, 483]
75	[313, 489]
76	[325, 497]
77	[329, 491]
78	[325, 489]
79	[322, 494]
80	[362, 520]
81	[366, 515]
82	[361, 511]
83	[357, 517]
84	[386, 536]
85	[389, 530]
86	[398, 544]
87	[402, 538]
88	[405, 548]
89	[411, 544]
90	[408, 541]
91	[401, 545]
92	[476, 516]
93	[483, 514]
94	[481, 510]
95	[471, 512]
96	[433, 487]
97	[437, 482]
98	[420, 480]
99	[425, 474]
100	[397, 464]
101	[401, 458]
102	[394, 455]
103	[391, 460]
104	[404, 453]
105	[406, 449]
106	[400, 446]
107	[398, 449]
108	[367, 430]
109	[369, 427]
110	[365, 424]
111	[362, 428]
112	[297, 404]
113	[299, 400]
114	[295, 398]
115	[293, 404]
116	[316, 341]
117	[312, 340]
118	[389, 399]
119	[387, 397]
120	[400, 389]
121	[397, 386]
122	[347, 338]
123	[344, 335]
124	[324, 317]
125	[320, 316]
126	[352, 268]
127	[356, 265]
128	[352, 261]
129	[349, 265]
130	[382, 297]
131	[385, 293]
132	[382, 291]
133	[379, 294]
134	[438, 351]
135	[441, 349]
136	[438, 345]
137	[435, 348]
138	[424, 418]
139	[418, 414]
140	[431, 405]
141	[424, 402]
142	[456, 437]
143	[448, 433]
144	[462, 424]
145	[455, 420]
146	[529, 484]
147	[525, 481]
148	[534, 469]
149	[529, 466]
150	[500, 352]
151	[493, 346]
152	[508, 336]
153	[501, 330]
154	[482, 311]
155	[477, 306]
156	[411, 267]
157	[412, 266]
158	[409, 262]
159	[407, 264]
160	[423, 255]
161	[425, 253]
162	[421, 250]
163	[420, 251]
164	[381, 238]
165	[383, 236]
166	[380, 233]
167	[378, 236]
168	[394, 225]
169	[396, 223]
170	[392, 221]
171	[390, 223]
172	[422, 195]
173	[426, 192]
174	[422, 188]
175	[419, 191]
176	[455, 227]
177	[458, 225]
178	[454, 221]
179	[452, 225]
180	[509, 282]
181	[512, 279]
182	[507, 273]
183	[503, 276]
184	[526, 300]
185	[529, 296]
186	[523, 290]
187	[520, 294]
188	[559, 237]
189	[557, 228]
190	[554, 229]
191	[550, 231]
192	[551, 236]
193	[552, 238]
194	[558, 333]
195	[559, 340]
196	[564, 340]
197	[567, 335]
198	[563, 332]
199	[558, 328]
200	[577, 317]
201	[561, 337]
202	[431, 185]
203	[433, 183]
204	[429, 180]
205	[428, 182]
206	[441, 175]
207	[443, 172]
208	[439, 169]
209	[437, 172]
210	[485, 129]
211	[487, 127]
212	[484, 124]
213	[481, 126]
214	[524, 94]
215	[526, 91]
216	[523, 88]
217	[520, 91]
218	[540, 79]
219	[542, 77]
220	[540, 74]
221	[537, 76]
222	[562, 52]
223	[565, 56]
224	[570, 53]
225	[567, 48]
226	[579, 37]
227	[582, 42]
228	[587, 39]
229	[584, 35]
230	[607, 76]
231	[611, 73]
232	[609, 71]
233	[605, 74]
234	[613, 87]
235	[614, 88]
236	[617, 92]
237	[618, 93]
238	[619, 84]
239	[619, 85]
240	[622, 89]
241	[623, 90]
242	[640, 113]
243	[634, 118]
244	[636, 130]
245	[625, 146]
246	[627, 143]
247	[632, 151]
248	[634, 147]
249	[618, 162]
250	[619, 159]
251	[625, 165]
252	[626, 162]
253	[613, 168]
254	[615, 166]
255	[620, 173]
256	[622, 171]
257	[602, 179]
258	[604, 177]
259	[608, 185]
260	[611, 183]
261	[594, 189]
262	[596, 187]
263	[601, 194]
264	[603, 192]
265	[582, 201]
266	[589, 207]
267	[579, 204]
268	[585, 210]
269	[582, 213]
270	[580, 215]
271	[576, 207]
272	[574, 210]
273	[586, 308]
274	[589, 313]
275	[592, 310]
276	[589, 306]
277	[604, 296]
278	[607, 299]
279	[629, 277]
280	[633, 281]
281	[644, 274]
282	[641, 269]
283	[676, 213]
284	[680, 211]
285	[661, 185]
286	[666, 182]
287	[663, 178]
288	[659, 180]
289	[636, 144]
290	[641, 144]
291	[638, 139]
292	[641, 135]
293	[473, 324]
294	[466, 323]
295	[468, 320]
296	[465, 317]
297	[464, 319]
298	[470, 315]
299	[560, 224]
300	[307, 709]
301	[312, 702]
302	[318, 694]
303	[322, 687]
304	[327, 681]
305	[324, 679]
306	[320, 685]
307	[315, 692]
308	[309, 700]
309	[304, 707]
310	[322, 663]
311	[314, 659]
312	[307, 654]
313	[299, 649]
314	[293, 644]
315	[289, 648]
316	[297, 653]
317	[304, 658]
318	[312, 663]
319	[320, 668]
320	[293, 708]
321	[284, 702]
322	[276, 697]
323	[269, 694]
324	[260, 690]
325	[252, 684]
326	[246, 680]
327	[242, 673]
328	[234, 668]
329	[226, 663]
330	[219, 658]
331	[290, 712]
332	[283, 706]
333	[275, 700]
334	[267, 699]
335	[259, 694]
336	[250, 688]
337	[244, 683]
338	[238, 676]
339	[230, 670]
340	[223, 666]
341	[217, 662]
342	[204, 648]
343	[198, 644]
344	[192, 640]
345	[190, 644]
346	[196, 648]
347	[202, 652]
348	[190, 629]
349	[194, 623]
350	[198, 616]
351	[202, 609]
352	[207, 602]
353	[186, 626]
354	[191, 619]
355	[195, 612]
356	[199, 605]
357	[203, 599]
358	[215, 644]
359	[219, 638]
360	[223, 632]
361	[227, 626]
362	[231, 620]
363	[235, 620]
364	[230, 626]
365	[227, 633]
366	[223, 639]
367	[218, 646]
368	[228, 607]
369	[221, 603]
370	[216, 599]
371	[221, 596]
372	[227, 601]
373	[232, 604]
374	[272, 631]
375	[264, 625]
376	[256, 620]
377	[249, 615]
378	[246, 620]
379	[254, 624]
380	[262, 629]
381	[270, 635]
382	[245, 604]
383	[249, 598]
384	[254, 591]
385	[242, 602]
386	[247, 595]
387	[251, 588]
388	[218, 583]
389	[223, 575]
390	[227, 568]
391	[214, 582]
392	[218, 574]
393	[222, 566]
394	[214, 545]
395	[220, 550]
396	[218, 553]
397	[211, 549]
398	[238, 567]
399	[248, 573]
400	[209, 532]
401	[212, 524]
402	[215, 518]
403	[206, 530]
404	[208, 523]
405	[211, 517]
406	[338, 664]
407	[342, 655]
408	[346, 643]
409	[350, 629]
410	[352, 615]
411	[353, 602]
412	[354, 592]
413	[361, 584]
414	[368, 577]
415	[375, 571]
416	[334, 662]
417	[338, 655]
418	[342, 643]
419	[345, 631]
420	[347, 618]
421	[348, 606]
422	[349, 595]
423	[355, 585]
424	[363, 577]
425	[370, 570]
426	[383, 564]
427	[392, 557]
428	[378, 561]
429	[387, 555]
430	[378, 530]
431	[370, 525]
432	[374, 520]
433	[382, 525]
434	[407, 530]
435	[412, 522]
436	[417, 514]
437	[422, 506]
438	[426, 499]
439	[394, 522]
440	[400, 513]
441	[405, 505]
442	[410, 496]
443	[416, 487]
444	[370, 507]
445	[376, 498]
446	[382, 490]
447	[387, 481]
448	[365, 504]
449	[370, 494]
450	[376, 486]
451	[381, 478]
452	[353, 506]
453	[345, 501]
454	[336, 495]
455	[332, 501]
456	[340, 507]
457	[350, 512]
458	[358, 528]
459	[353, 536]
460	[347, 545]
461	[341, 554]
462	[352, 524]
463	[347, 533]
464	[341, 542]
465	[335, 551]
466	[390, 445]
467	[393, 441]
468	[384, 436]
469	[382, 440]
470	[374, 434]
471	[375, 431]
472	[362, 437]
473	[356, 447]
474	[351, 456]
475	[345, 465]
476	[339, 474]
477	[334, 483]
478	[336, 473]
479	[341, 463]
480	[347, 454]
481	[352, 445]
482	[405, 469]
483	[414, 475]
484	[409, 463]
485	[418, 469]
486	[234, 547]
487	[240, 537]
488	[245, 528]
489	[251, 517]
490	[258, 507]
491	[262, 495]
492	[265, 484]
493	[269, 474]
494	[237, 550]
495	[243, 539]
496	[250, 529]
497	[255, 519]
498	[261, 509]
499	[267, 498]
500	[270, 487]
501	[274, 477]
502	[222, 500]
503	[225, 491]
504	[229, 483]
505	[231, 475]
506	[235, 467]
507	[218, 499]
508	[222, 490]
509	[225, 482]
510	[229, 473]
511	[232, 465]
512	[250, 459]
513	[261, 461]
514	[252, 453]
515	[262, 455]
516	[213, 452]
517	[223, 454]
518	[215, 445]
519	[226, 448]
520	[244, 442]
521	[247, 433]
522	[240, 442]
523	[242, 433]
524	[278, 449]
525	[281, 439]
526	[282, 451]
527	[285, 442]
528	[189, 483]
529	[192, 476]
530	[195, 468]
531	[198, 460]
532	[186, 481]
533	[189, 474]
534	[192, 465]
535	[195, 456]
536	[192, 499]
537	[199, 503]
538	[207, 507]
539	[208, 435]
540	[203, 433]
541	[211, 427]
542	[206, 425]
543	[236, 420]
544	[226, 418]
545	[237, 416]
546	[227, 414]
547	[261, 426]
548	[271, 428]
549	[287, 472]
550	[296, 478]
551	[305, 483]
552	[289, 465]
553	[298, 471]
554	[308, 478]
555	[288, 420]
556	[291, 411]
557	[292, 421]
558	[295, 412]
559	[308, 408]
560	[319, 412]
561	[330, 416]
562	[341, 420]
563	[351, 423]
564	[358, 436]
565	[354, 420]
566	[345, 417]
567	[334, 413]
568	[323, 409]
569	[311, 405]
570	[330, 481]
571	[266, 570]
572	[273, 561]
573	[279, 551]
574	[285, 542]
575	[291, 532]
576	[296, 523]
577	[303, 513]
578	[308, 503]
579	[263, 568]
580	[269, 559]
581	[275, 550]
582	[281, 540]
583	[329, 560]
584	[324, 569]
585	[319, 577]
586	[335, 563]
587	[330, 572]
588	[324, 581]
589	[421, 538]
590	[431, 532]
591	[446, 528]
592	[461, 522]
593	[417, 535]
594	[430, 529]
595	[445, 523]
596	[459, 517]
597	[472, 504]
598	[462, 497]
599	[453, 492]
600	[445, 486]
601	[442, 473]
602	[447, 465]
603	[452, 457]
604	[452, 444]
605	[430, 466]
606	[435, 457]
607	[440, 449]
608	[445, 440]
609	[492, 510]
610	[492, 514]
611	[504, 510]
612	[508, 514]
613	[512, 505]
614	[515, 507]
615	[520, 499]
616	[516, 496]
617	[521, 488]
618	[524, 491]
619	[533, 476]
620	[528, 474]
621	[516, 474]
622	[506, 468]
623	[497, 463]
624	[488, 457]
625	[479, 452]
626	[470, 446]
627	[461, 441]
628	[469, 428]
629	[477, 433]
630	[486, 439]
631	[495, 445]
632	[504, 451]
633	[513, 456]
634	[522, 462]
635	[443, 429]
636	[434, 423]
637	[448, 415]
638	[441, 411]
639	[410, 442]
640	[415, 434]
641	[420, 425]
642	[414, 421]
643	[410, 428]
644	[404, 437]
645	[374, 418]
646	[379, 409]
647	[384, 404]
648	[369, 416]
649	[374, 410]
650	[380, 404]
651	[380, 391]
652	[373, 384]
653	[366, 377]
654	[358, 370]
655	[350, 362]
656	[342, 355]
657	[391, 381]
658	[383, 373]
659	[376, 366]
660	[368, 358]
661	[360, 351]
662	[353, 345]
663	[405, 384]
664	[412, 377]
665	[418, 371]
666	[425, 364]
667	[432, 357]
668	[429, 354]
669	[423, 360]
670	[416, 367]
671	[410, 373]
672	[402, 381]
673	[429, 392]
674	[434, 383]
675	[439, 373]
676	[443, 364]
677	[448, 357]
678	[435, 396]
679	[440, 387]
680	[445, 378]
681	[449, 370]
682	[302, 390]
683	[305, 379]
684	[309, 363]
685	[312, 352]
686	[297, 388]
687	[300, 377]
688	[304, 364]
689	[308, 352]
690	[336, 348]
691	[326, 345]
692	[337, 329]
693	[331, 322]
694	[327, 309]
695	[322, 307]
696	[320, 329]
697	[316, 327]
698	[330, 299]
699	[335, 289]
700	[342, 280]
701	[347, 273]
702	[325, 297]
703	[331, 287]
704	[338, 278]
705	[344, 270]
706	[351, 328]
707	[354, 331]
708	[359, 320]
709	[362, 322]
710	[367, 311]
711	[370, 314]
712	[374, 304]
713	[377, 306]
714	[373, 287]
715	[365, 280]
716	[359, 274]
717	[362, 271]
718	[370, 279]
719	[375, 284]
720	[431, 338]
721	[425, 333]
722	[418, 325]
723	[411, 318]
724	[405, 312]
725	[398, 306]
726	[391, 299]
727	[389, 303]
728	[396, 309]
729	[402, 316]
730	[408, 323]
731	[415, 329]
732	[423, 336]
733	[429, 342]
734	[444, 340]
735	[449, 334]
736	[457, 326]
737	[446, 343]
738	[452, 336]
739	[460, 329]
740	[458, 310]
741	[451, 303]
742	[445, 298]
743	[438, 290]
744	[432, 285]
745	[426, 279]
746	[419, 273]
747	[390, 287]
748	[396, 281]
749	[402, 275]
750	[388, 285]
751	[394, 278]
752	[401, 272]
753	[417, 260]
754	[415, 257]
755	[361, 259]
756	[367, 252]
757	[374, 245]
758	[371, 242]
759	[364, 249]
760	[357, 256]
761	[396, 251]
762	[389, 244]
763	[401, 256]
764	[453, 363]
765	[458, 354]
766	[462, 345]
767	[467, 336]
768	[452, 348]
769	[456, 340]
770	[461, 331]
771	[478, 329]
772	[488, 340]
773	[483, 334]
774	[497, 326]
775	[488, 317]
776	[488, 356]
777	[483, 365]
778	[479, 374]
779	[474, 382]
780	[470, 391]
781	[465, 400]
782	[461, 409]
783	[468, 413]
784	[473, 404]
785	[477, 396]
786	[481, 387]
787	[486, 378]
788	[491, 370]
789	[495, 361]
790	[504, 343]
791	[497, 338]
792	[531, 458]
793	[534, 447]
794	[537, 437]
795	[539, 427]
796	[542, 416]
797	[544, 405]
798	[544, 397]
799	[535, 460]
800	[538, 450]
801	[540, 439]
802	[542, 429]
803	[545, 419]
804	[548, 409]
805	[548, 398]
806	[549, 387]
807	[545, 386]
808	[552, 373]
809	[555, 360]
810	[559, 351]
811	[546, 377]
812	[549, 365]
813	[553, 353]
814	[574, 326]
815	[570, 324]
816	[581, 320]
817	[619, 290]
818	[617, 287]
819	[656, 264]
820	[653, 260]
821	[667, 255]
822	[664, 251]
823	[680, 245]
824	[676, 242]
825	[681, 233]
826	[686, 233]
827	[685, 221]
828	[681, 223]
829	[670, 202]
830	[674, 200]
831	[668, 189]
832	[664, 191]
833	[656, 164]
834	[651, 166]
835	[649, 151]
836	[645, 153]
837	[644, 124]
838	[634, 105]
839	[629, 98]
840	[623, 101]
841	[628, 109]
842	[631, 136]
843	[603, 63]
844	[596, 53]
845	[591, 46]
846	[587, 49]
847	[593, 57]
848	[600, 65]
849	[575, 48]
850	[572, 43]
851	[559, 62]
852	[556, 58]
853	[547, 66]
854	[551, 70]
855	[529, 82]
856	[533, 85]
857	[511, 98]
858	[515, 102]
859	[503, 106]
860	[506, 109]
861	[493, 115]
862	[496, 118]
863	[472, 135]
864	[475, 138]
865	[464, 143]
866	[467, 146]
867	[455, 153]
868	[458, 156]
869	[446, 162]
870	[449, 165]
871	[412, 200]
872	[415, 203]
873	[401, 210]
874	[405, 214]
875	[385, 228]
876	[388, 231]
877	[449, 233]
878	[442, 241]
879	[433, 247]
880	[433, 200]
881	[439, 207]
882	[446, 214]
883	[430, 203]
884	[437, 210]
885	[444, 217]
886	[573, 222]
887	[566, 229]
888	[567, 217]
889	[534, 285]
890	[528, 279]
891	[533, 270]
892	[537, 261]
893	[542, 252]
894	[555, 245]
895	[550, 253]
896	[546, 261]
897	[540, 274]
898	[542, 238]
899	[535, 245]
900	[528, 251]
901	[522, 258]
902	[514, 265]
903	[518, 271]
904	[526, 264]
905	[532, 257]
906	[539, 250]
907	[545, 243]
908	[547, 245]
909	[514, 324]
910	[520, 313]
911	[514, 306]
912	[508, 317]
913	[552, 321]
914	[546, 315]
915	[539, 307]
916	[534, 301]
917	[515, 288]
918	[503, 288]
919	[496, 296]
920	[490, 303]
921	[485, 297]
922	[491, 290]
923	[497, 283]
924	[495, 269]
925	[487, 261]
926	[479, 252]
927	[470, 243]
928	[462, 235]
929	[470, 299]
930	[462, 292]
931	[454, 284]
932	[446, 276]
933	[438, 268]
934	[431, 261]
935	[464, 232]
936	[473, 241]
937	[490, 258]
938	[319, 589]
939	[314, 596]
940	[309, 604]
941	[304, 612]
942	[300, 619]
943	[295, 627]
944	[291, 633]
945	[415, 244]
946	[411, 239]
947	[403, 232]
948	[272, 425]
949	[261, 422]
950	[441, 492]
951	[449, 498]
952	[458, 504]
953	[466, 509]
954	[386, 469]
955	[393, 472]
956	[392, 392]
957	[394, 395]
958	[313, 586]
959	[309, 593]
960	[304, 602]
961	[299, 608]
962	[295, 614]
963	[290, 623]
964	[285, 630]
965	[550, 325]
966	[543, 318]
967	[536, 310]
968	[531, 305]
969	[430, 245]
970	[438, 238]
971	[445, 231]
972	[250, 570]
973	[241, 564]
974	[287, 530]
975	[293, 521]
976	[298, 512]
977	[303, 504]
978	[308, 496]
979	[402, 233]
980	[409, 241]
981	[414, 246]
982	[387, 246]
983	[394, 252]
984	[400, 258]
985	[418, 274]
986	[425, 280]
987	[431, 287]
988	[437, 292]
989	[444, 299]
990	[450, 305]
991	[457, 312]
992	[430, 262]
993	[437, 269]
994	[445, 277]
995	[453, 285]
996	[461, 293]
997	[469, 300]
998	[498, 265]
999	[208, 504]
1000	[200, 499]
1001	[193, 495]
1002	[517, 284]
1003	[482, 249]
