0	0.017093339434293708
1	0.013113251706691068
2	0.04333221792040307
3	0.001992016157026097
4	0.022312402981957087
5	0.013944916104281339
6	0.013815204953198417
7	0.00437642474705809
8	0.015528709827204572
9	0.007565322351604658
10	0.017093339434293708
11	0.02959660780592334
12	0.0278603323370435
13	0.00753994551211251
14	0.005896463451135418
15	0.031243818328916373
16	0.023623283904207
17	0.04834219490655871
18	0.02649461917425564
19	0.02823089464313549
20	0.043258147466199326
21	0.03281896993289353
22	0.005975315905023373
23	0.014342802782699096
24	0.008744152620182157
25	0.022255410538213734
26	0.009034502358487018
27	0.009164213509569943
28	0.010854975964319906
29	0.004204741317777387
30	0.004490479646685273
31	0.014100943282106298
32	0.004662163075965972
33	0.010854975964319905
34	0.013061179323427199
35	0.019609882278513294
36	0.028928932875415904
37	0.02197543295826938
38	0.012959647631970855
39	0.013999411590649836
40	0.02722031977037659
41	0.005245965285726714
42	0.029790646995969908
43	0.03601498470047442
44	0.020623065245805032
45	0.012375845422210145
46	0.013122864546390165
47	0.018023925702582086
48	0.018016394453792717
49	0.021690818865380136
50	0.007876587789964671
51	0.012784874276637978
52	0.01004338669419612
53	0.01829060651779096
54	0.01206626881328665
55	0.007617216716194289
56	0.02307336721096562
57	0.032678655497736415
58	0.010852858523974713
59	0.015301910621067177
60	0.000753416011865316
61	0.014567647087280776
62	0.025063956832738477
63	0.0067271634741813665
64	0.0029202149160967674
65	0.01278487427663798
66	0.005032495596718923
67	0.011758131321952543
68	0.004008341628423885
69	0.010184922212755214
70	0.004701289616796576
71	0.008508238174881175
72	0.003495561025382099
73	0.011245350718910618
74	0.0008086402221591088
75	0.031173104017334682
76	0.0041885090137548054
77	0.010184922212755214
78	0.018043389665442958
79	0.0024338098393764398
80	0.03958534973554412
81	0.013452799199414922
82	0.025804286789477455
83	0.012147659955368522
84	0.011699333571110113
85	0.024996523433003046
86	0.0354332339297548
87	0.06156578446588396
88	0.036022515949263464
89	0.02429748965739252
90	0.07896018910166162
91	0.0353119405819673
92	0.003702105789344258
93	0.0017910167924368426
94	0.016135330357534186
95	0.02592872290143495
96	0.08856568270702482
97	0.0825344301054326
98	0.0020987387495481793
99	0.019177650051634677
100	0.022956738414648244
101	0.00483333648653734
102	0.007572709019292443
103	0.0012569666064175193
104	0.0007513009621785545
105	0.01748569887564778
106	0.007572709019292443
107	0.004043181031015924
108	0.015301556188533294
109	0.017212645185440696
110	0.00741925264153999
111	0.007924918285778963
112	0.07717536429195049
113	0.027072582739445277
114	0.02696289810408763
115	0.08818981521652486
116	0.04668000037484224
117	0.03542162521732492
118	0.0784476197853079
119	0.06375891167692861
120	0.01756771938076969
121	0.005708583619510911
122	0.016794105419301535
123	0.015753919680166564
124	0.04525214206412731
125	0.04629232780326235
126	0.05815146356452089
127	0.08202823659636392
128	0.03859426926382352
129	0.03069793431977471
130	0.04479662486994769
131	0.04710685606110588
132	0.03007430248726413
133	0.047653913509241995
134	0.05535056869932952
135	0.03656839170945121
136	0.04144589576196359
137	0.05847844933580524
138	0.029535920560132503
139	0.04275574278359664
140	0.03946831248324378
141	0.021888701461266043
142	0.05244789663465178
143	0.04410361109693448
144	0.027160859879030656
145	0.01564094611879333
146	0.03857815110300215
147	0.04186558140335478
148	0.055510414801099264
149	0.07245316601900338
150	0.0522389979166911
151	0.08138792936629831
152	0.06953685571369367
153	0.0689081700900668
154	0.05163652236699834
155	0.06756712580753803
156	0.022706955545637737
157	0.03441145724587928
158	0.029116983661147247
159	0.02257704716523234
160	0.013340056320270296
161	0.01625636662557992
162	0.004421956544932972
163	0.011765217463172578
164	0.009784171013225257
165	0.0014690860881573743
166	0.013313846246336474
167	0.013942531869963193
168	0.006327013354491344
169	0.016214757937634963
170	0.02089477789003448
171	0.009856688587602566
172	0.017749455647069954
173	0.028715537463052377
174	0.0478732245604227
175	0.017527802760158608
176	0.02781061983370143
177	0.028634531240543874
178	0.03799026700551268
179	0.029014257228949104
180	0.010175981150136218
181	0.006611184049369752
182	0.01781015033157735
183	0.019027747119206316
184	0.06000578789795863
185	0.0607358372156485
186	0.053237763517158435
187	0.05897848453496707
188	0.04586869842922807
189	0.0483303487670147
190	0.04244576631919244
191	0.08294535945443206
192	0.03917976040801788
193	0.05119049350007452
194	0.041126472861998165
195	0.0552506834506028
196	0.045903616729328946
197	0.05950872884844234
198	0.07450863601460021
199	0.07793648163926493
200	0.06577137702883228
201	0.0692978373147359
202	0.06472764884615213
203	0.0612011885602485
204	0.07336629317068113
205	0.06993844754601644
206	0.05732207285388199
207	0.06103787328936433
208	0.05646768482078053
209	0.052751884385298195
210	0.041777527475837725
211	0.04766210992365964
212	0.04644451313603067
213	0.06287993193540083
214	0.04308171003324687
215	0.011018840337839042
216	0.05000931023679715
217	0.054280676315454454
218	0.015363694627398124
219	0.017809244307398237
220	0.025357961828424754
221	0.012866996809768761
222	0.012665334523471392
223	0.02059600071528501
224	0.005560645950449981
225	0.005762308236747324
226	0.004227610527312317
227	0.02582460640540742
228	0.015936861822263736
229	0.008006195630450104
230	0.0123470898662269
231	0.011617040548536746
232	0.005884134910867363
233	0.014786517102975502
234	0.02126718457376156
235	0.012484311859266432
236	0.010022661521480094
237	0.008075949067499767
238	0.021185735173238695
239	0.020361823766396215
240	0.027232595800805406
241	0.01787686003583655
242	0.012136139018028043
243	0.0073589951506972855
244	0.01485706884918752
245	0.02383307862575112
246	0.046390282898175636
247	0.012866996809768765
248	0.01985950416172654
249	0.027480038586435926
250	0.0372881568516686
251	0.025273682021032366
252	0.03317001696508099
253	0.013535153403088647
254	0.03576615702609762
255	0.027583913212190354
256	0.003921576361934217
257	0.014244382251093582
258	0.013381569708360515
259	0.0432746250443761
260	0.02088981605454196
261	0.02494477578970618
262	0.014708855709281744
263	0.013951816142245
264	0.00911066105258101
265	0.011554858302941232
266	0.0013189382225167513
267	0.0035169744946796917
268	0.007571934229843908
269	0.03544768289869113
270	0.05138757061151261
271	0.05418692311666757
272	0.054943962683704314
273	0.03567302029306128
274	0.03195994350060356
275	0.04547792267900197
276	0.07265739121923429
277	0.06224181720227197
278	0.06450972900582706
279	0.009732797470656031
280	0.02141140087069582
281	0.011826237374474876
282	0.03131394005769108
283	0.012647499357595916
284	0.016360576150053607
285	0.027459308773211073
286	0.025191396969655992
287	0.02424495226885571
288	0.007480645229154159
289	0.030599302897655636
290	0.037668290686491
291	0.10730328085542044
292	0.007658414591814194
293	0.010819606172488876
294	0.03705263001192102
295	0.008344732789729477
296	0.04561893162015714
297	0.07080811017902754
298	0.06764691859835287
299	0.09697047649511442
300	0.06636216593792571
301	0.06012222969287202
302	0.04493261342224187
303	0.007597091925644418
304	0.05516072297627734
305	0.024537314400438975
306	0.05795931655873913
307	0.02546306428134506
308	0.01529263998910405
309	0.07597296770297104
310	0.06705749445015871
311	0.06093652217800181
312	0.08868757694789597
313	0.0700151774367197
314	0.07392042060231176
315	0.04660844883970415
316	0.029668226364909595
317	0.025762983199317573
318	0.009641082705079676
319	0.013201544700053644
320	0.043809855257242326
321	0.04179683033524269
322	0.040871080454336586
323	0.04996925834575605
324	0.045663348062022234
325	0.07066807622165952
326	0.059961009726701375
327	0.011258884611039391
328	0.01247081006027328
329	0.008182352721664472
330	0.017097825974476795
331	0.027804892469434926
332	0.020925646403878156
333	0.010229608742105193
334	0.011258884611039388
335	0.004891174494980232
336	0.059884204988034935
337	0.024267250376665335
338	0.06638996958276579
339	0.013915362963739152
340	0.05070724556666053
341	0.06646677432143201
342	0.04763445370517222
343	0.050233895627077765
344	0.04284504316146012
345	0.04154796193634598
346	0.0488463963009547
347	0.032871279523717795
348	0.04035601309160148
349	0.04233667972011721
350	0.03053263170239883
351	0.05387506471217796
352	0.05739816270241472
353	0.07623048331867462
354	0.06874574975079098
355	0.07705842267223972
356	0.10635638771644156
357	0.07410996981076506
358	0.07986906602711775
359	0.06482441330850885
360	0.07929117472038522
361	0.09433582743899421
362	0.08857673122264154
363	0.061718971882987785
364	0.06803350315432583
365	0.06755376630707975
366	0.024869687769077168
367	0.0302583463351001
368	0.023943815063762055
369	0.0508015744034157
370	0.061447315386182255
371	0.03262908718922635
372	0.02683015662637926
373	0.027309893473625342
374	0.10217092506688266
375	0.013056581148032443
376	0.0037710246457761365
377	0.05731129098425314
378	0.021067231505999477
379	0.024292020695393227
380	0.0506395072303543
381	0.019418410173877368
382	0.010402860614093217
383	0.012548715642652024
384	0.06882119978541451
385	0.016193620984483653
386	0.04247371325045337
387	0.06632684054403722
388	0.05643026760074475
389	0.00015778345798226514
390	0.054284412572185935
391	0.06971425415759398
392	0.05426528132790548
393	0.05786866104957546
394	0.045918536400643646
395	0.04965997664804811
396	0.03783410647227738
397	0.04169980119284288
398	0.029960711918962442
399	0.033913187541418185
400	0.023605983148726712
401	0.02899034365237151
402	0.021933478494114686
403	0.03213549391481798
404	0.028367230479556537
405	0.018967280970263085
406	0.007411877938716904
407	0.022238920971525356
408	0.012036905550822048
409	0.019093770709078868
410	0.013709410205434059
411	0.024016614598125537
412	0.020064138975669797
413	0.03180322824955032
414	0.027937533528984825
415	0.039763403704755576
416	0.03602196345735111
417	0.04797208810628294
418	0.044368708384612945
419	0.059817681214301505
420	0.008958155826943103
421	0.05693918499584513
422	0.018470657536263913
423	0.06150937346442877
424	0.04105064435758838
425	0.03950436646936219
426	0.045992957598325494
427	0.06045971901020179
428	0.023854459223494988
429	0.0028598251759285554
430	0.0216912808861119
431	0.0841390714668903
432	0.031096654201773485
433	0.03449639464798511
434	0.023077774847513565
435	0.027350719943378284
436	0.03192090841196211
437	0.027647963316097385
438	0.039066583116568895
439	0.035666842670357295
440	0.06967231005501393
441	0.018650934528881134
442	0.025642714010720255
443	0.030212902479304082
444	0.023221122997464955
445	0.018416231635132514
446	0.027085117789108125
447	0.0031188530194494403
448	0.02298642010371633
449	0.06482441330850883
450	0.07929117472038522
451	0.06482441330850883
452	0.07929117472038524
453	0.06482441330850884
454	0.07929117472038523
455	0.06482441330850885
456	0.07929117472038522
457	0.0017801918646849061
458	0.008213943850126753
459	0.0050687935876802676
460	0.003396288933068257
461	0.00831913282211493
462	0.001964404051879201
463	0.009751017703303985
464	0.001877623149988955
465	0.009837798605194233
466	0.0017533686768279216
467	0.009962053078355267
468	0.0016153081510934394
469	0.013460901259111998
470	0.0013993420429802138
471	0.027085117789108125
472	0.021978193199082147
473	0.03260293680096292
474	0.028607070727562058
475	0.04030276955049747
476	0.03646863152152843
477	0.04832605838889566
478	0.052896246857479456
479	0.04103881999011224
480	0.04487295801908128
481	0.03317725919614588
482	0.03717312526954674
483	0.02654838166766597
484	0.006680814583399076
485	0.04912127762525376
486	0.04455108915666997
487	0.009430548229895006
488	0.0014116688756350784
489	0.006711713843920601
490	0.0022848735252881803
491	0.005003707911262583
492	0.005238410805011202
493	0.008636672031304238
494	0.002007794502824324
495	0.009707627252358863
496	0.001846066458392502
497	0.009869355296790684
498	0.0017868976616491525
499	0.009928524093534034
500	0.0017277288649058032
501	0.009987692890277382
502	0.001538388715327085
503	0.010177033039856101
504	0.0014397740540881693
