0	0.02210086497581
1	0.022536579896473754
2	0.02299508065438737
3	0.023476280391660664
4	0.023981864460706333
5	0.024513689859137752
6	0.02507380764272943
7	0.025666673760827464
8	0.02602054026063692
9	0.02639758350479359
10	0.026797617989512044
11	0.02722224730260485
12	0.027674514663362248
13	0.028343125734430083
14	0.02786892822480011
15	0.027424049481535383
16	0.027005239822652155
17	0.026610767872903795
18	0.026035707346559876
19	0.025557886706084304
20	0.024976183572878268
21	0.02442432711586366
22	0.023900118906064208
23	0.023401571747356166
24	0.02292688490931904
25	0.022435957062861608
26	0.02217360127967052
27	0.02257792754844145
28	0.02236398026925787
29	0.022212399160128193
30	0.022120728553348373
31	0.022074166270088222
32	0.021376914350538855
33	0.021402711720025554
34	0.02148660205245154
35	0.021626856036152355
36	0.021824499176604718
37	0.022052773053925064
38	0.025757672839110655
39	0.026272792627932817
40	0.02607172968415591
41	0.02602615563900039
42	0.026172442978363245
43	0.026399317032594183
44	0.02673524130439602
45	0.025672137428954595
46	0.02541515636854084
47	0.02524438490360664
48	0.025209557055958527
49	0.02522326563905214
50	0.025375049971595093
51	0.02562359240215867
52	0.02206205180740524
53	0.022085889570552148
54	0.02216463582731433
55	0.022296997485579055
56	0.022465630937744497
57	0.02266235718580878
58	0.022949571836346338
59	0.022715286672191668
60	0.022744846576014183
61	0.02255681286823155
62	0.022444307967171014
63	0.02245350114501685
64	0.022079015781187067
65	0.02192687405683533
66	0.021841495218777165
67	0.02194043698946641
68	0.022058420061090482
69	0.022194412749825167
70	0.022517223995967065
71	0.02218951241950322
72	0.0219228881496428
73	0.021740306094856957
74	0.021583120067290656
75	0.021459838428413824
76	0.021386770704025535
77	0.02136517441139476
78	0.022858225928733888
79	0.02334991964994482
80	0.02384247360721205
81	0.024360191488072395
82	0.024905005782256733
83	0.025479052669384997
84	0.02608469957174374
85	0.026638393744615997
86	0.027226549271926855
87	0.027704394569387333
88	0.027201371346084444
89	0.026700318809776833
90	0.02637045459515011
91	0.02577088274889416
92	0.02517955570402539
93	0.024618776410067978
94	0.02408627920910725
95	0.023580017597028057
96	0.023098138358997933
97	0.022623670437278406
98	0.026603136787770498
99	0.026769661050809083
100	0.02673701946525961
101	0.02673109318201968
102	0.026753033563299985
103	0.026890831252229755
104	0.02660607130250618
105	0.026485702991171433
106	0.02623107708369584
107	0.026079058904939018
108	0.025500063432993613
109	0.025659574468085106
110	0.02584378013500482
111	0.02624820441387716
112	0.025974025974025976
113	0.025847657422092673
114	0.02582938896147009
115	0.025836029049465498
116	0.025867616146883446
117	0.026039642440730666
118	0.022273113434048683
119	0.022756863855080668
120	0.023224464643352333
121	0.023715415019762844
122	0.02423146473779385
123	0.024774543437621973
124	0.025346784363177804
125	0.023285449490268766
126	0.022811962093555526
127	0.022360663032595395
128	0.021931659059084545
129	0.02378276045672366
130	0.024305695513724856
131	0.02485624188462252
132	0.02609147159361343
133	0.025606726543091915
134	0.025462376488472258
135	0.02536651031697621
136	0.025879828326180257
137	0.0264583927513657
138	0.02695333452529948
139	0.027474655427725255
140	0.02805238305691889
141	0.028238269176735036
142	0.028778008447276113
143	0.029251255184457543
144	0.029755002343884927
145	0.029166364361895087
146	0.02868218897899969
147	0.028227033352837917
148	0.027934125495101107
149	0.027334542157751586
150	0.026810724289715888
151	0.02631406689795117
152	0.02584211879660581
153	0.025438744515693553
154	0.026764908231429903
155	0.027023998924417952
156	0.02742529676627098
157	0.027852193995381063
158	0.02830587241233629
159	0.028789000023871476
160	0.029254093389933292
161	0.02873960393680147
162	0.02825811893715732
163	0.027805957760767316
164	0.027380465876583573
165	0.027022182388527896
166	0.026792855238603037
167	0.02632957820277705
168	0.02825282293960549
169	0.028832361097829204
170	0.029459182177927597
171	0.029730795779508924
172	0.030235415047509213
173	0.0307739416673046
174	0.03134828832107302
175	0.031962260150535354
176	0.03262104408980254
177	0.031387450225125575
178	0.030786511117351235
179	0.030224806395829678
180	0.029697850230244526
181	0.029203089812819334
182	0.02902317522200563
183	0.02868628243857187
184	0.028293918918918918
185	0.027729875146582053
186	0.029208748092712344
187	0.02916072248954228
188	0.028958363348220717
189	0.028787625617644953
190	0.02824752892678128
191	0.027890196803959204
192	0.02722224730260485
193	0.026613704071499503
194	0.02597682333175376
195	0.026236783709698473
196	0.02567541674650316
197	0.02682802037683803
198	0.02745401566199235
199	0.028132216753364903
200	0.028321826123714245
201	0.028503226111413107
202	0.02871565312633935
203	0.028885535675792197
204	0.025463989358332804
205	0.026029526029526028
206	0.025771433455850926
207	0.025159594442358244
208	0.02494725083778081
209	0.025486591009953718
210	0.028157833294419798
211	0.02868150684931507
212	0.029236363636363637
213	0.029824908497378573
214	0.030469164498117783
215	0.03117084517963298
216	0.03191573821684707
217	0.03270774571490562
218	0.03355405931778977
219	0.03278599391039583
220	0.0324019344438474
221	0.03359144337362821
222	0.034228302208094454
223	0.03360361113433085
224	0.033645798459993305
225	0.03280829184689464
226	0.03202166640114704
227	0.03128161232588904
228	0.030602923264311816
229	0.02998359106956392
230	0.02940029254022428
231	0.02885029424429453
232	0.029305275435569704
233	0.029861833308572276
234	0.030459160478860433
235	0.03109369360078379
236	0.03176861071597914
237	0.032528658125421446
238	0.03333701901813357
239	0.03422344561423423
240	0.035218876850743215
241	0.03508771929824561
242	0.03412949966040299
243	0.03327080114764953
244	0.03246560960508251
245	0.03170847136772362
246	0.03103608008646868
247	0.030403872333988807
248	0.02980869049384547
249	0.030291613292140758
250	0.030865303406444347
251	0.03148085306324885
252	0.03215056916637786
253	0.03286372183012235
254	0.03362422282320796
255	0.034075497287522606
256	0.034614391090956056
257	0.03471302745955904
258	0.03491907229927324
259	0.0352312231602933
260	0.035550053059780685
261	0.03589392541444686
262	0.0362619520115461
263	0.03593242558770074
264	0.036190133237306445
265	0.03552596694847851
266	0.034526195247638135
267	0.035031662115842674
268	0.03568258476832949
269	0.03530548318159197
270	0.034956521739130435
271	0.03463029432878679
272	0.034292538671519567
273	0.03401015228426396
274	0.03377205264631756
275	0.03365237045511622
276	0.03353633102527739
277	0.0328744718549816
278	0.032147141143542585
279	0.03146442641342065
280	0.030822705548598155
281	0.03023238324434083
282	0.029681770077034778
283	0.02618096561306009
284	0.026613116779945274
285	0.02706949182977195
286	0.02750535966792866
287	0.02796975740989842
288	0.02846353552041539
289	0.02898899091389837
290	0.029548684275003675
291	0.030268045376970185
292	0.030569567311348255
293	0.0311635959585519
294	0.031243523316062175
295	0.031410339888006254
296	0.03102969176143673
297	0.030713594458309987
298	0.030466855295068714
299	0.03027564392227745
300	0.030179424939315833
301	0.03012514675392801
302	0.02932594105631748
303	0.028755364806866954
304	0.028225051488485302
305	0.02772668751149531
306	0.02725793327908869
307	0.026816685937916925
308	0.026381414883843025
309	0.025961165884530932
310	0.02554976484047286
311	0.03408994544478051
312	0.034890785476638216
313	0.03519626440974755
314	0.03580016029922522
315	0.03593885031439044
316	0.03630124616218169
317	0.036210779162287945
318	0.036074302294277764
319	0.03592600315767524
320	0.03590140509645154
321	0.0361218438314314
322	0.03592707340324118
323	0.03595170666269191
324	0.035755581250555904
325	0.035317890297829974
326	0.03499303621169916
327	0.03471802400898178
328	0.034487689096056505
329	0.03389163669064748
330	0.03333333333333333
331	0.0324202263501707
332	0.031564070351758795
333	0.030734728204082674
334	0.029888475836431228
335	0.029072150037364703
336	0.028304543747653024
337	0.02756760463574645
338	0.027218560982215402
339	0.027941891985820533
340	0.02868969454753069
341	0.029484389898051487
342	0.030295418006430867
343	0.031112143022985837
344	0.03194363511151136
345	0.03283151389758528
346	0.033610166657376955
347	0.03391069620965021
348	0.03410440585939709
349	0.03438444431772823
350	0.0347090312553963
351	0.03501538818883921
352	0.03546432982414868
353	0.035767245981374936
354	0.035420582706766915
355	0.035393555203380875
356	0.035481023830538395
357	0.03568258476832949
358	0.035891788934853126
359	0.0354841557065937
360	0.03514293207448203
361	0.03499912937489117
362	0.03506017791732077
363	0.03437562352136363
364	0.03361110336947131
365	0.03333425467812819
366	0.03410344145010322
367	0.03493525680020857
368	0.03500319266268068
369	0.034899872670447966
370	0.03428571428571429
371	0.033484188022322794
372	0.03273526777231888
373	0.03203272331270419
374	0.026418979605248746
375	0.02630086797225978
376	0.025665581306263167
377	0.02506442763321972
378	0.024978252765005593
379	0.024109873852981748
380	0.02465955097534045
381	0.02524121475962243
382	0.02585541548752251
383	0.026405097103321437
384	0.03429839030771856
385	0.03399385517377456
386	0.033044717229285404
387	0.032155712571657113
388	0.031321421151049245
389	0.030418442757333467
390	0.029573320255026975
391	0.028779381935329914
392	0.028034776140220374
393	0.027797625907571743
394	0.02857007486022932
395	0.029352349891693236
396	0.030184712419282174
397	0.03100974518526137
398	0.03189294970116888
399	0.032767287053389486
400	0.03370221327967807
401	0.03437268426152881
402	0.02438679149899905
403	0.024468926897559196
404	0.024841905782025667
405	0.02536597677940434
406	0.025770332065472884
407	0.026199165797705943
408	0.02665428988197852
409	0.02723577235772358
410	0.027448392015840862
411	0.02795095835168146
412	0.02801523880319643
413	0.0281492892654576
414	0.027826488232579605
415	0.02752670501232539
416	0.0273122565449769
417	0.027158492095662748
418	0.027081041025756182
419	0.02706038099939417
420	0.026389496717724288
421	0.025929907546764136
422	0.025498985115020297
423	0.025092588739544754
424	0.02470906408785445
425	0.024346913231315864
426	0.03586297133341263
427	0.03636253995055177
428	0.03640534911099707
429	0.03655653228250985
430	0.036808692467342204
431	0.03721188558733685
432	0.03765925555833125
433	0.0381464494701882
434	0.03813318155947638
435	0.038033365921347255
436	0.037553714890701875
437	0.03740810819194144
438	0.037291280148423006
439	0.0371935235158057
440	0.036977984914453914
441	0.03657648914230256
442	0.03636363636363636
443	0.03617927641447171
444	0.03606675040373228
445	0.03602903832939981
446	0.03528895391367959
447	0.035325131810193325
448	0.03543307086614173
449	0.035609885729471165
450	0.036019353682575715
451	0.03615866638683177
452	0.03639326453014666
453	0.03680307607800055
454	0.03691686053630464
455	0.03705866084872323
456	0.03755956273941886
457	0.0379543666404406
458	0.03769456773144965
459	0.03721877603925562
460	0.036781749420519705
461	0.03638777419062849
462	0.03610021851707726
463	0.03590461162880705
464	0.03583313525077252
465	0.03557627068645093
466	0.03605488953331938
467	0.036288138653186496
468	0.03636363636363636
469	0.0365498848345254
470	0.036871713342301576
471	0.037269384097159984
472	0.03772522522522523
473	0.0380129861942886
474	0.038468899521531104
475	0.038992531281321734
476	0.03876442415865771
477	0.038598175708113296
478	0.03850205918973278
479	0.03851927560765275
480	0.0383587786259542
481	0.03819840364880274
482	0.03793049221575719
483	0.03769456773144965
484	0.03748717789313357
485	0.037315510999721524
486	0.037188935829041904
487	0.03627831423156755
488	0.03643284393692224
489	0.036629814117361194
490	0.03687960612825296
491	0.0374162323157111
492	0.038240796524717
493	0.038134387351778654
494	0.03820082356667723
495	0.03830638757424642
496	0.03848117421825144
497	0.038136799165164596
498	0.03811871799734497
499	0.037951977845611606
500	0.03745806932538204
501	0.037008623070549605
502	0.03661646830216177
503	0.03627285851780558
504	0.03601074947745596
505	0.036009674240840825
506	0.03567097518412257
507	0.03833926754832147
508	0.03841376015289059
509	0.03814886280960365
510	0.03810185770251485
511	0.038197193804833246
512	0.03818872704243192
513	0.03783529411764706
514	0.037333993746710835
515	0.03691460055096419
516	0.03659313651121158
517	0.03640754716981132
518	0.03636802267724134
519	0.03588431325874792
520	0.035753461207791055
521	0.03624887285843102
522	0.0362968759405285
523	0.03649679215591333
524	0.036832300033594965
525	0.03726823238566131
526	0.03777840428531153
527	0.038011788066946134
528	0.03815127645439879
529	0.03808260704812429
530	0.03824686033236078
531	0.03853035143769968
532	0.03856608359182629
533	0.03481323249235033
534	0.03499912937489117
535	0.03506935357236326
536	0.035242548217416715
537	0.03554167157845102
538	0.03591102641217282
539	0.03633405639913232
540	0.03672015345735773
541	0.036573161485974226
542	0.036436146107133145
543	0.03635486690983631
544	0.03630124616218169
545	0.03644605621033545
546	0.03674924581771643
547	0.036484646800786565
548	0.0362510520620416
549	0.036898788397992904
550	0.03723486368828923
551	0.037154564219476875
552	0.03735596580349399
553	0.03720384995064166
554	0.037265929176194305
555	0.037358280156124156
556	0.03749766805546919
557	0.0371935235158057
558	0.03704613872335197
559	0.03660646532098953
560	0.036222742836547125
561	0.035886448848419926
562	0.035629874734105414
563	0.03562355999291073
564	0.03515522518583297
565	0.03264311814859927
566	0.032907662082514735
567	0.03319113802119169
568	0.03349441759706716
569	0.03271484375
570	0.03226842189757585
571	0.03204634230595488
572	0.03195379153198029
573	0.03189210630702102
574	0.03185251703555016
575	0.03195379153198029
576	0.031871878220883214
577	0.03140706789239303
578	0.03100974518526137
579	0.03070186604210687
580	0.03143408226033467
581	0.031689308143048586
582	0.03201741577508164
583	0.032441156691324816
584	0.03236801846533723
585	0.03254182406907717
586	0.032932823593664666
587	0.03297604724926173
588	0.03304290646062798
589	0.03314370516942864
590	0.03343591449721368
591	0.03410344145010322
592	0.0338497810710677
593	0.03408416471186728
594	0.03378529807261318
595	0.033506515155724725
596	0.03398044574680905
597	0.03417592382679664
598	0.03423218847573091
599	0.03455587392550143
600	0.035308584143342314
601	0.03625977149729405
602	0.03684242683448402
603	0.03759586009102812
604	0.03775002347638276
605	0.03815127645439879
606	0.03784241739621576
607	0.037600548731059426
608	0.037506997574174285
609	0.037122541324222
610	0.03696098562628337
611	0.03687058607722645
612	0.035947420191361885
613	0.03500827309936428
614	0.03441879049059619
615	0.034231216826090656
616	0.03419821352615908
617	0.033451680905358924
618	0.032094954226101764
619	0.032207237281345974
620	0.0320021228605546
621	0.03199702846833462
622	0.03251287304882323
623	0.03313095794071592
624	0.03395557057183884
625	0.034929185854548614
626	0.0360344209394048
627	0.036763809291549814
628	0.03735480873470652
629	0.037648674804108266
630	0.03814886280960365
631	0.03806698020895805
632	0.038021375200983636
633	0.03798544836057829
634	0.037521000560014936
635	0.03727514372256908
636	0.03705410636925062
637	0.03613266620726848
638	0.03502047216656503
639	0.03405432879652115
640	0.03325337083298867
641	0.03274949083503055
642	0.032568187955711585
643	0.032533923224257466
644	0.0325655496449113
645	0.03216428857180958
646	0.036041959295896715
647	0.035858705994291154
648	0.03570794101971931
649	0.03559832339571403
650	0.03551759681931969
651	0.03545703113515421
652	0.035030644552240975
653	0.03474503025064823
654	0.0346860709252495
655	0.03414109387385347
656	0.033645798459993305
657	0.033115492338953265
658	0.03236975601900314
659	0.03154673153888409
660	0.030775512287238113
661	0.031275933609958506
662	0.032077880625598465
663	0.032932823593664666
664	0.03338777996179508
665	0.033992897006595635
666	0.03445418964088792
667	0.034997098084735924
668	0.03556158405331289
669	0.03586083853702052
670	0.03594420600858369
671	0.0360225813196332
672	0.036130501213337725
673	0.036279405571265265
674	0.036459278070016324
675	0.03666656532182056
676	0.03589285714285714
677	0.03624015866338121
678	0.03577361177028951
679	0.035437235543018336
680	0.035031662115842674
681	0.035401866964128455
682	0.03515010201107549
683	0.03496260219168551
684	0.035332376292737236
685	0.036023657327199955
686	0.03610237988325101
687	0.035886448848419926
688	0.03709399606299212
689	0.037021119842829076
690	0.03696665031878372
691	0.036565399308713845
692	0.036216216216216214
693	0.03561619562328342
694	0.035070373386064904
695	0.03475905003458612
696	0.03416237040394312
697	0.03352234823215477
698	0.03262810453979763
699	0.03179541260216188
700	0.03233243967828418
701	0.033207588732549496
702	0.03390306983020353
703	0.03414206041389463
704	0.034617371835352205
705	0.03516650142882137
706	0.035754521197746816
707	0.03570794101971931
708	0.03592172281297471
709	0.03637021623088754
710	0.03601290014333493
711	0.03601827793208494
712	0.035924932975871314
713	0.036077539787004904
714	0.0363537710255019
715	0.036660992217898834
716	0.03611102793664102
717	0.035990330955862605
718	0.0360645933014354
719	0.03615866638683177
720	0.03200721887523554
721	0.03273615635179153
722	0.03352141646051644
723	0.034364848692084116
724	0.03518394258540712
725	0.03527347177537292
726	0.03528895391367959
727	0.03448670288818988
728	0.033761652809271854
729	0.03308823529411765
730	0.03276283618581907
731	0.03250148224006899
732	0.032282242090047646
733	0.03225979028461374
734	0.0325875486381323
735	0.032907662082514735
736	0.03277619241744802
737	0.03246735765244313
738	0.03226669520547945
739	0.03248222365869425
740	0.03273971115213378
741	0.033061023082405834
742	0.03372954831492099
743	0.03444926873857404
744	0.0352312231602933
745	0.03521990537935868
746	0.03641524246633251
747	0.03550609432962374
748	0.034814237464276435
749	0.034352123508132285
750	0.03405048280535321
751	0.03379381847731667
752	0.03358115445660346
753	0.033529804270462635
754	0.033483258370814596
755	0.03490896459895215
756	0.03417979820881986
757	0.03373049169323712
758	0.03343591449721368
759	0.03318474492322932
760	0.03297604724926173
761	0.03291125422988757
762	0.0332570388550313
763	0.03336930356105255
764	0.03359518636135718
765	0.033862136740137584
766	0.03419821352615908
767	0.03475604484279086
768	0.03558256867199717
769	0.03203697800446286
770	0.03131654115814074
771	0.030787297048912487
772	0.030466855295068714
773	0.030287809533376866
774	0.03042151199455137
775	0.030797517811997244
776	0.03135562373251521
777	0.030462237938873454
778	0.03027564392227745
779	0.03013342661536155
780	0.03001045140098542
781	0.029903297793206052
782	0.029819746309620948
783	0.029762345450507145
784	0.029719073435189747
785	0.029689077078358484
786	0.02979322611724598
787	0.029084068875705398
788	0.028414579553754447
789	0.027784817417348232
790	0.027417814759241578
791	0.02681489716509172
792	0.026245919477693145
793	0.025706064158584674
794	0.02624706189605641
795	0.026812512505836057
796	0.027410336833492432
797	0.028043250784792466
798	0.02868423556274379
799	0.029366644751260135
800	0.0296387318751536
801	0.029787339145898685
802	0.030322077791466572
803	0.030647251658153542
804	0.030643358064843987
805	0.030689365600427513
806	0.030750401591065554
807	0.03083925740295607
808	0.030953236486833326
809	0.031084076498788596
810	0.031235431235431235
811	0.02942539953641576
812	0.03061379905569376
813	0.02997539333383044
814	0.03031826637840012
815	0.030847934518480623
816	0.031518699526958155
817	0.03232810615199035
818	0.03309095897928385
819	0.033545659369697646
820	0.03293911998470488
821	0.032087268857256886
822	0.031391535217866626
823	0.03094688221709007
824	0.03079201348108053
825	0.030432259204118198
826	0.02990700557966522
827	0.029743994475410644
828	0.029856658331889187
829	0.027504732364814013
830	0.027504732364814013
831	0.025194284281774882
832	0.02470653309569172
833	0.02424315522856109
834	0.02380153545560402
835	0.02338206211950832
836	0.023818458317697945
837	0.02425583266291231
838	0.02471767334139493
839	0.025201655034061937
840	0.025711544611448672
841	0.03314006210326729
842	0.0334702486678508
843	0.03389544688026981
844	0.033347158855246785
845	0.03393550565591761
846	0.03414786080357901
847	0.034490648058113596
848	0.03412660233736099
849	0.032745933910776834
850	0.032341977526884606
851	0.032079587168165134
852	0.03185672398763769
853	0.032315112540192925
854	0.032545336787564765
855	0.03281632653061224
856	0.03325245395389875
857	0.030054576718917436
858	0.029375228352210448
859	0.028878618807020903
860	0.028838566201965614
861	0.028795874024020437
862	0.029114963063106562
863	0.028931964302850013
864	0.029360210341805432
865	0.028885535675792197
866	0.02935306430414253
867	0.029824908497378573
868	0.030528554070473876
869	0.028792436613665665
870	0.031016125298973844
871	0.030284767214102757
872	0.029701507240665944
873	0.02946206087848732
874	0.0300396044536329
875	0.030755891053759053
876	0.031518699526958155
877	0.035054063480990584
878	0.034842400254239736
879	0.03472702142363511
880	0.034508412498569306
881	0.03433940774487471
882	0.034197243804230705
883	0.03378529807261318
884	0.03360548387995653
885	0.033446114593155475
886	0.03278153795971622
887	0.0329481190066388
888	0.03313824087049708
889	0.03377489007757582
890	0.03393073178966322
891	0.034014948526300944
892	0.03411501796271676
893	0.0342409358053434
894	0.03373237860818975
895	0.03412756805704907
896	0.033697504819916735
897	0.03371728919704764
898	0.0338640384129391
899	0.03413046554407811
900	0.034441398217957504
901	0.034839380633233184
902	0.0355081851372041
903	0.036455971705813
904	0.036504525229288376
905	0.0364141429390984
906	0.035667810244883476
907	0.03491098567086409
908	0.03421276595744681
909	0.03388211496319604
910	0.03362328537972566
911	0.033564331635634964
912	0.03379760670347224
913	0.03352048474067486
914	0.03370880733432093
915	0.0335279399499583
916	0.03390878929314514
917	0.034102477095351205
918	0.03360454748105216
919	0.03344518705454949
920	0.03330571665285833
921	0.03322222528305006
922	0.03319570602807597
923	0.033052868144818705
924	0.032941819175088774
925	0.03279134265049758
926	0.03283151389758528
927	0.03296703296703297
928	0.033011250102646925
929	0.03303566537007615
930	0.03309549945115258
931	0.03322863283187304
932	0.03338131089459699
933	0.03167266328754891
934	0.031578120499594145
935	0.031061659712563746
936	0.03083925740295607
937	0.030658938377059183
938	0.03053705720001013
939	0.030416141235813366
940	0.030567242865108733
941	0.031181322232851565
942	0.031259720062208396
943	0.03142179724342774
944	0.03171347428210792
945	0.03185335833707509
946	0.03212487680136384
947	0.032754827670496214
948	0.0329355217521916
949	0.03316831683168317
950	0.03336191872527594
951	0.03329192546583851
952	0.032849399395309564
953	0.03253743423715095
954	0.032073615063429164
955	0.03179122182680902
956	0.03179960448253131
957	0.03135806963259575
958	0.03163112754740735
959	0.031516228505723096
960	0.03162449193654124
961	0.03205571208335548
962	0.0325875486381323
963	0.03307190259419734
964	0.03298145818519937
965	0.033055586010305886
966	0.03336191872527594
967	0.033125497843821246
968	0.03289330133100589
969	0.03274148884183092
970	0.03282793913493209
971	0.0325875486381323
972	0.03238714182130677
973	0.03232377378718842
974	0.032094954226101764
975	0.03166517880586042
976	0.032096662585830625
977	0.032124021096372066
978	0.0322287546766435
979	0.032600762306382286
980	0.03279401767505099
981	0.032895993017102644
982	0.03222789342882339
983	0.0319893899204244
984	0.031789545825974645
985	0.03172098161445593
986	0.0315014105109184
987	0.03175355450236967
988	0.03221153846153846
989	0.032322907453565974
990	0.03247872455025315
991	0.0328744718549816
992	0.03302933201873305
993	0.03330663647159546
994	0.03318657127132636
995	0.03298506646244735
996	0.03287357575096767
997	0.032704197852261634
998	0.032567308471280816
999	0.032449012538341496
1000	0.03236975601900314
1001	0.03247697527872031
1002	0.032383663166939664
1003	0.031944481233279476
1004	0.03173684210526316
1005	0.031311662685637134
1006	0.03117648579479358
1007	0.03057421726454557
1008	0.03035413153456998
1009	0.029637275140076674
1010	0.03038931586241653
1011	0.030408472012102873
1012	0.030672974210285364
1013	0.03109369360078379
1014	0.031552509026215265
1015	0.031475923267649746
1016	0.031571507107515905
1017	0.031884517766497464
1018	0.03182729863823498
1019	0.03191151566469094
1020	0.03203272331270419
1021	0.032172010884063386
1022	0.03235412474849095
1023	0.03239584172777823
1024	0.03250586237567721
1025	0.032634284941144634
1026	0.03248047401023431
1027	0.032275330514371356
1028	0.03212487680136384
1029	0.032415869261369745
1030	0.032490099410005656
1031	0.03229434447300771
1032	0.03271661874016602
1033	0.032455998708218955
1034	0.03223478470050517
1035	0.03256642903434867
1036	0.029611805436197118
1037	0.0289035350509287
1038	0.028237607998314172
1039	0.027595359586298423
1040	0.02698771454785508
1041	0.026412036530080375
1042	0.025865951742627347
1043	0.02534731709367578
1044	0.024854192856995652
1045	0.024372006547703252
1046	0.023912914163345428
1047	0.023476737395366945
1048	0.02391813097457459
1049	0.02438136826783115
1050	0.02485470508223074
1051	0.02535211267605634
1052	0.025875386199794025
1053	0.0264265053904812
1054	0.02700765888834147
1055	0.02762127250240484
1056	0.028256794751640113
1057	0.028930576212637338
1058	0.023475366437622876
1059	0.023057950786761754
1060	0.02265937658531086
1061	0.022270234336047863
1062	0.021898605461940734
1063	0.021544178069956055
1064	0.021199177345356746
1065	0.020872996642320608
1066	0.020594262295081968
1067	0.02033795406253162
1068	0.02011173184357542
1069	0.01981369214845483
1070	0.020035219457088745
1071	0.020278791343680113
1072	0.020559855433188994
1073	0.02086180352540262
1074	0.02119507908611599
1075	0.021537252660904352
1076	0.021894629824625103
1077	0.022269823097093473
1078	0.02265384326395672
1079	0.023055746730901584
1080	0.028950021604493736
1081	0.028950021604493736
1082	0.02763519706691109
1083	0.02763519706691109
1084	0.024386298378290937
1085	0.024386298378290937
1086	0.022269823097093473
1087	0.022269823097093473
1088	0.021191727143334095
1089	0.021191727143334095
1090	0.02002357668232911
1091	0.02002357668232911
1092	0.01992104263367416
1093	0.019611669431164016
1094	0.01945883150200881
1095	0.019619326500732063
1096	0.01949090909090909
1097	0.019784762779709954
1098	0.019689795918367347
1099	0.01965834257025494
1100	0.01965962441314554
1101	0.019681120159276727
1102	0.01930279458369346
1103	0.019296308740939856
1104	0.019304030476678297
1105	0.019371937996948037
1106	0.019486814891416755
1107	0.020221667029963614
1108	0.019962590833098835
1109	0.019776327440884197
1110	0.019634338928414437
1111	0.019528783094486277
1112	0.019440011605977078
1113	0.019370071152085576
1114	0.01932816206167062
1115	0.01971490224285621
1116	0.019771464170369034
1117	0.01985479330271151
1118	0.019959947700302873
1119	0.020102680357380984
1120	0.020278109394178873
1121	0.020577395577395578
1122	0.01938969098684845
1123	0.01938969098684845
1124	0.019479260886419433
1125	0.019479260886419433
1126	0.01966218860049563
1127	0.01966218860049563
1128	0.02058090719819789
1129	0.02155958382494905
1130	0.021245860052145727
1131	0.02093059581040976
1132	0.02063725657962285
1133	0.0206182041988648
1134	0.020679012345679013
1135	0.020528707848911434
1136	0.0209073730561864
1137	0.02076946922467537
1138	0.020894694895873037
1139	0.021008622942252416
1140	0.021005695574173096
1141	0.02126309108219613
1142	0.021595487510072522
1143	0.021921294192492956
1144	0.02387882387882388
1145	0.02344661326697255
1146	0.02303548916988196
1147	0.02263683459719198
1148	0.022256671464954046
1149	0.02191691200523389
1150	0.02160941783583293
1151	0.021338712245872922
1152	0.02107139113114582
1153	0.020791669540031723
1154	0.021100885327361166
1155	0.021106424683666147
1156	0.02135193512977586
1157	0.021677391523169286
1158	0.021989643352053095
1159	0.022341608002964062
1160	0.022725559659305044
1161	0.02312737314463238
1162	0.02354181307097681
1163	0.023977573215102292
1164	0.021440381162331774
1165	0.021440381162331774
1166	0.022077399040749825
1167	0.022077399040749825
1168	0.022843504943743608
1169	0.022843504943743608
1170	0.023672588085189912
1171	0.023672588085189912
1172	0.02855586863353302
1173	0.02792248385080225
1174	0.027322156773901225
1175	0.026877047536270644
1176	0.026320384111741597
1177	0.02579182617250155
1178	0.02528195882772211
1179	0.024795937249419166
1180	0.02432628691302243
1181	0.02442877977637336
1182	0.02490243449173016
1183	0.02539268118078073
1184	0.02590706966552813
1185	0.02644041041831097
1186	0.02700221659987014
1187	0.027585260413092706
1188	0.028199312554072063
1189	0.028493124793271277
1190	0.028451448523166934
1191	0.026616053496943348
1192	0.026616053496943348
1193	0.025551388800610184
1194	0.025551388800610184
1195	0.024573629194938565
1196	0.024573629194938565
1197	0.022980620819756475
1198	0.022596541192782597
1199	0.022232873681881867
1200	0.02188827180659915
1201	0.02226365633480404
1202	0.022621972951173304
1203	0.023000343288705802
1204	0.02340020955411541
1205	0.021279974591075116
1206	0.021279974591075116
